#doc name topic proportion ...
0	file:/C:/Users/chq-anyac/miniconda/myTAToM/data/austen-bronte-split/Austen_Emma0000.txt	0.425531914893617	0.425531914893617	0.10638297872340426	0.03309692671394799	0.009456264775413711
1	file:/C:/Users/chq-anyac/miniconda/myTAToM/data/austen-bronte-split/Austen_Emma0001.txt	0.6853582554517134	0.18691588785046728	0.018691588785046728	0.1059190031152648	0.003115264797507788
2	file:/C:/Users/chq-anyac/miniconda/myTAToM/data/austen-bronte-split/Austen_Emma0002.txt	0.6789772727272727	0.23579545454545456	0.019886363636363636	0.0625	0.002840909090909091
3	file:/C:/Users/chq-anyac/miniconda/myTAToM/data/austen-bronte-split/Austen_Emma0003.txt	0.4058679706601467	0.4474327628361858	0.1295843520782396	0.007334963325183374	0.009779951100244499
4	file:/C:/Users/chq-anyac/miniconda/myTAToM/data/austen-bronte-split/Austen_Emma0004.txt	0.49878934624697335	0.3559322033898305	0.10653753026634383	0.03389830508474576	0.004842615012106538
5	file:/C:/Users/chq-anyac/miniconda/myTAToM/data/austen-bronte-split/Austen_Emma0005.txt	0.4288888888888889	0.2688888888888889	0.1	0.08	0.12222222222222222
6	file:/C:/Users/chq-anyac/miniconda/myTAToM/data/austen-bronte-split/Austen_Emma0006.txt	0.5501222493887531	0.3251833740831296	0.044009779951100246	0.039119804400977995	0.04156479217603912
7	file:/C:/Users/chq-anyac/miniconda/myTAToM/data/austen-bronte-split/Austen_Emma0007.txt	0.526813880126183	0.24290220820189273	0.0694006309148265	0.10725552050473186	0.05362776025236593
8	file:/C:/Users/chq-anyac/miniconda/myTAToM/data/austen-bronte-split/Austen_Emma0008.txt	0.6839080459770115	0.1810344827586207	0.008620689655172414	0.10344827586206896	0.022988505747126436
9	file:/C:/Users/chq-anyac/miniconda/myTAToM/data/austen-bronte-split/Austen_Emma0009.txt	0.6530054644808743	0.21584699453551912	0.11475409836065574	0.01366120218579235	0.00273224043715847
10	file:/C:/Users/chq-anyac/miniconda/myTAToM/data/austen-bronte-split/Austen_Emma0010.txt	0.5177111716621253	0.32697547683923706	0.1008174386920981	0.03814713896457766	0.01634877384196185
11	file:/C:/Users/chq-anyac/miniconda/myTAToM/data/austen-bronte-split/Austen_Emma0011.txt	0.5098591549295775	0.3380281690140845	0.056338028169014086	0.0647887323943662	0.030985915492957747
12	file:/C:/Users/chq-anyac/miniconda/myTAToM/data/austen-bronte-split/Austen_Emma0012.txt	0.4152046783625731	0.26900584795321636	0.1023391812865497	0.19883040935672514	0.014619883040935672
13	file:/C:/Users/chq-anyac/miniconda/myTAToM/data/austen-bronte-split/Austen_Emma0013.txt	0.4860335195530726	0.24860335195530725	0.07541899441340782	0.17597765363128492	0.013966480446927373
14	file:/C:/Users/chq-anyac/miniconda/myTAToM/data/austen-bronte-split/Austen_Emma0014.txt	0.4273255813953488	0.48255813953488375	0.040697674418604654	0.0436046511627907	0.005813953488372093
15	file:/C:/Users/chq-anyac/miniconda/myTAToM/data/austen-bronte-split/Austen_Emma0015.txt	0.5157593123209169	0.3553008595988539	0.07736389684813753	0.03724928366762178	0.014326647564469915
16	file:/C:/Users/chq-anyac/miniconda/myTAToM/data/austen-bronte-split/Austen_Emma0016.txt	0.6096096096096096	0.3213213213213213	0.006006006006006006	0.05105105105105105	0.012012012012012012
17	file:/C:/Users/chq-anyac/miniconda/myTAToM/data/austen-bronte-split/Austen_Emma0017.txt	0.4828571428571429	0.3742857142857143	0.09428571428571429	0.037142857142857144	0.011428571428571429
18	file:/C:/Users/chq-anyac/miniconda/myTAToM/data/austen-bronte-split/Austen_Emma0018.txt	0.4861111111111111	0.3416666666666667	0.11944444444444445	0.03611111111111111	0.016666666666666666
19	file:/C:/Users/chq-anyac/miniconda/myTAToM/data/austen-bronte-split/Austen_Emma0019.txt	0.45706371191135736	0.41274238227146814	0.05817174515235457	0.06371191135734072	0.008310249307479225
20	file:/C:/Users/chq-anyac/miniconda/myTAToM/data/austen-bronte-split/Austen_Emma0020.txt	0.4607594936708861	0.21518987341772153	0.24556962025316456	0.06582278481012659	0.012658227848101266
21	file:/C:/Users/chq-anyac/miniconda/myTAToM/data/austen-bronte-split/Austen_Emma0021.txt	0.4808743169398907	0.25956284153005466	0.1885245901639344	0.04644808743169399	0.02459016393442623
22	file:/C:/Users/chq-anyac/miniconda/myTAToM/data/austen-bronte-split/Austen_Emma0022.txt	0.484149855907781	0.23631123919308358	0.1930835734870317	0.07492795389048991	0.011527377521613832
23	file:/C:/Users/chq-anyac/miniconda/myTAToM/data/austen-bronte-split/Austen_Emma0023.txt	0.654320987654321	0.2191358024691358	0.015432098765432098	0.10185185185185185	0.009259259259259259
24	file:/C:/Users/chq-anyac/miniconda/myTAToM/data/austen-bronte-split/Austen_Emma0024.txt	0.4183381088825215	0.3495702005730659	0.09455587392550144	0.09455587392550144	0.04297994269340974
25	file:/C:/Users/chq-anyac/miniconda/myTAToM/data/austen-bronte-split/Austen_Emma0025.txt	0.2824858757062147	0.4689265536723164	0.07909604519774012	0.1497175141242938	0.01977401129943503
26	file:/C:/Users/chq-anyac/miniconda/myTAToM/data/austen-bronte-split/Austen_Emma0026.txt	0.3674540682414698	0.3910761154855643	0.06036745406824147	0.13648293963254593	0.04461942257217848
27	file:/C:/Users/chq-anyac/miniconda/myTAToM/data/austen-bronte-split/Austen_Emma0027.txt	0.5284974093264249	0.37823834196891193	0.06994818652849741	0.02072538860103627	0.0025906735751295338
28	file:/C:/Users/chq-anyac/miniconda/myTAToM/data/austen-bronte-split/Austen_Emma0028.txt	0.5013262599469496	0.3740053050397878	0.07692307692307693	0.03713527851458886	0.010610079575596816
29	file:/C:/Users/chq-anyac/miniconda/myTAToM/data/austen-bronte-split/Austen_Emma0029.txt	0.552	0.21066666666666667	0.06933333333333333	0.16	0.008
30	file:/C:/Users/chq-anyac/miniconda/myTAToM/data/austen-bronte-split/Austen_Emma0030.txt	0.5662983425414365	0.20165745856353592	0.06077348066298342	0.14917127071823205	0.022099447513812154
31	file:/C:/Users/chq-anyac/miniconda/myTAToM/data/austen-bronte-split/Austen_Emma0031.txt	0.49373433583959897	0.3132832080200501	0.03258145363408521	0.15288220551378445	0.007518796992481203
32	file:/C:/Users/chq-anyac/miniconda/myTAToM/data/austen-bronte-split/Austen_Emma0032.txt	0.4985754985754986	0.2792022792022792	0.1225071225071225	0.06552706552706553	0.03418803418803419
33	file:/C:/Users/chq-anyac/miniconda/myTAToM/data/austen-bronte-split/Austen_Emma0033.txt	0.4860050890585242	0.24936386768447838	0.04834605597964377	0.20610687022900764	0.010178117048346057
34	file:/C:/Users/chq-anyac/miniconda/myTAToM/data/austen-bronte-split/Austen_Emma0034.txt	0.5694822888283378	0.34877384196185285	0.035422343324250684	0.03814713896457766	0.008174386920980926
35	file:/C:/Users/chq-anyac/miniconda/myTAToM/data/austen-bronte-split/Austen_Emma0035.txt	0.5887850467289719	0.30218068535825543	0.06853582554517133	0.03426791277258567	0.006230529595015576
36	file:/C:/Users/chq-anyac/miniconda/myTAToM/data/austen-bronte-split/Austen_Emma0036.txt	0.45478723404255317	0.34308510638297873	0.06648936170212766	0.13031914893617022	0.005319148936170213
37	file:/C:/Users/chq-anyac/miniconda/myTAToM/data/austen-bronte-split/Austen_Emma0037.txt	0.518840579710145	0.2898550724637681	0.03188405797101449	0.1391304347826087	0.020289855072463767
38	file:/C:/Users/chq-anyac/miniconda/myTAToM/data/austen-bronte-split/Austen_Emma0038.txt	0.4947916666666667	0.3932291666666667	0.09114583333333333	0.005208333333333333	0.015625
39	file:/C:/Users/chq-anyac/miniconda/myTAToM/data/austen-bronte-split/Austen_Emma0039.txt	0.4314214463840399	0.4139650872817955	0.059850374064837904	0.08229426433915212	0.012468827930174564
40	file:/C:/Users/chq-anyac/miniconda/myTAToM/data/austen-bronte-split/Austen_Emma0040.txt	0.41732283464566927	0.38320209973753283	0.09186351706036745	0.10498687664041995	0.0026246719160104987
41	file:/C:/Users/chq-anyac/miniconda/myTAToM/data/austen-bronte-split/Austen_Emma0041.txt	0.39141414141414144	0.4772727272727273	0.07828282828282829	0.017676767676767676	0.03535353535353535
42	file:/C:/Users/chq-anyac/miniconda/myTAToM/data/austen-bronte-split/Austen_Emma0042.txt	0.45558739255014324	0.4269340974212034	0.06303724928366762	0.05157593123209169	0.0028653295128939827
43	file:/C:/Users/chq-anyac/miniconda/myTAToM/data/austen-bronte-split/Austen_Emma0043.txt	0.47076023391812866	0.3128654970760234	0.17251461988304093	0.008771929824561403	0.03508771929824561
44	file:/C:/Users/chq-anyac/miniconda/myTAToM/data/austen-bronte-split/Austen_Emma0044.txt	0.5769230769230769	0.28296703296703296	0.027472527472527472	0.10989010989010989	0.0027472527472527475
45	file:/C:/Users/chq-anyac/miniconda/myTAToM/data/austen-bronte-split/Austen_Emma0045.txt	0.5828025477707006	0.2802547770700637	0.044585987261146494	0.08917197452229299	0.0031847133757961785
46	file:/C:/Users/chq-anyac/miniconda/myTAToM/data/austen-bronte-split/Austen_Emma0046.txt	0.6077844311377245	0.26047904191616766	0.0658682634730539	0.059880239520958084	0.005988023952095809
47	file:/C:/Users/chq-anyac/miniconda/myTAToM/data/austen-bronte-split/Austen_Emma0047.txt	0.3356164383561644	0.4954337899543379	0.14383561643835616	0.0045662100456621	0.02054794520547945
48	file:/C:/Users/chq-anyac/miniconda/myTAToM/data/austen-bronte-split/Austen_Emma0048.txt	0.4765625	0.3046875	0.08333333333333333	0.078125	0.057291666666666664
49	file:/C:/Users/chq-anyac/miniconda/myTAToM/data/austen-bronte-split/Austen_Emma0049.txt	0.6049046321525886	0.29155313351498635	0.01634877384196185	0.07901907356948229	0.008174386920980926
50	file:/C:/Users/chq-anyac/miniconda/myTAToM/data/austen-bronte-split/Austen_Emma0050.txt	0.6702702702702703	0.1783783783783784	0.06486486486486487	0.08378378378378379	0.002702702702702703
51	file:/C:/Users/chq-anyac/miniconda/myTAToM/data/austen-bronte-split/Austen_Emma0051.txt	0.6573033707865169	0.19662921348314608	0.016853932584269662	0.10674157303370786	0.02247191011235955
52	file:/C:/Users/chq-anyac/miniconda/myTAToM/data/austen-bronte-split/Austen_Emma0052.txt	0.48857142857142855	0.34285714285714286	0.10571428571428572	0.05142857142857143	0.011428571428571429
53	file:/C:/Users/chq-anyac/miniconda/myTAToM/data/austen-bronte-split/Austen_Emma0053.txt	0.4358974358974359	0.3769230769230769	0.11538461538461539	0.05641025641025641	0.015384615384615385
54	file:/C:/Users/chq-anyac/miniconda/myTAToM/data/austen-bronte-split/Austen_Emma0054.txt	0.4689119170984456	0.32124352331606215	0.038860103626943004	0.15284974093264247	0.018134715025906734
55	file:/C:/Users/chq-anyac/miniconda/myTAToM/data/austen-bronte-split/Austen_Emma0055.txt	0.5038363171355499	0.309462915601023	0.03324808184143223	0.1329923273657289	0.020460358056265986
56	file:/C:/Users/chq-anyac/miniconda/myTAToM/data/austen-bronte-split/Austen_Emma0056.txt	0.6021505376344086	0.26881720430107525	0.08333333333333333	0.03494623655913978	0.010752688172043012
57	file:/C:/Users/chq-anyac/miniconda/myTAToM/data/austen-bronte-split/Austen_Emma0057.txt	0.4806201550387597	0.3772609819121447	0.05167958656330749	0.06976744186046512	0.020671834625323
58	file:/C:/Users/chq-anyac/miniconda/myTAToM/data/austen-bronte-split/Austen_Emma0058.txt	0.5684210526315789	0.25526315789473686	0.06315789473684211	0.07631578947368421	0.03684210526315789
59	file:/C:/Users/chq-anyac/miniconda/myTAToM/data/austen-bronte-split/Austen_Emma0059.txt	0.4677871148459384	0.3641456582633053	0.05322128851540616	0.10084033613445378	0.014005602240896359
60	file:/C:/Users/chq-anyac/miniconda/myTAToM/data/austen-bronte-split/Austen_Emma0060.txt	0.4804177545691906	0.39425587467362927	0.057441253263707574	0.04960835509138381	0.018276762402088774
61	file:/C:/Users/chq-anyac/miniconda/myTAToM/data/austen-bronte-split/Austen_Emma0061.txt	0.6510903426791277	0.1838006230529595	0.006230529595015576	0.11838006230529595	0.040498442367601244
62	file:/C:/Users/chq-anyac/miniconda/myTAToM/data/austen-bronte-split/Austen_Emma0062.txt	0.5555555555555556	0.24119241192411925	0.06233062330623306	0.13008130081300814	0.01084010840108401
63	file:/C:/Users/chq-anyac/miniconda/myTAToM/data/austen-bronte-split/Austen_Emma0063.txt	0.6111111111111112	0.27485380116959063	0.06432748538011696	0.04678362573099415	0.0029239766081871343
64	file:/C:/Users/chq-anyac/miniconda/myTAToM/data/austen-bronte-split/Austen_Emma0064.txt	0.4792746113989637	0.31865284974093266	0.03367875647668394	0.15284974093264247	0.015544041450777202
65	file:/C:/Users/chq-anyac/miniconda/myTAToM/data/austen-bronte-split/Austen_Emma0065.txt	0.5535714285714286	0.2767857142857143	0.05654761904761905	0.09226190476190477	0.020833333333333332
66	file:/C:/Users/chq-anyac/miniconda/myTAToM/data/austen-bronte-split/Austen_Emma0066.txt	0.596045197740113	0.3022598870056497	0.03389830508474576	0.05367231638418079	0.014124293785310734
67	file:/C:/Users/chq-anyac/miniconda/myTAToM/data/austen-bronte-split/Austen_Emma0067.txt	0.5097087378640777	0.2936893203883495	0.10679611650485436	0.07281553398058252	0.01699029126213592
68	file:/C:/Users/chq-anyac/miniconda/myTAToM/data/austen-bronte-split/Austen_Emma0068.txt	0.6376021798365122	0.16348773841961853	0.04632152588555858	0.12534059945504086	0.027247956403269755
69	file:/C:/Users/chq-anyac/miniconda/myTAToM/data/austen-bronte-split/Austen_Emma0069.txt	0.704225352112676	0.10704225352112676	0.022535211267605635	0.09295774647887324	0.07323943661971831
70	file:/C:/Users/chq-anyac/miniconda/myTAToM/data/austen-bronte-split/Austen_Emma0070.txt	0.6135693215339233	0.11504424778761062	0.05604719764011799	0.168141592920354	0.0471976401179941
71	file:/C:/Users/chq-anyac/miniconda/myTAToM/data/austen-bronte-split/Austen_Emma0071.txt	0.5511811023622047	0.2230971128608924	0.09711286089238845	0.12598425196850394	0.0026246719160104987
72	file:/C:/Users/chq-anyac/miniconda/myTAToM/data/austen-bronte-split/Austen_Emma0072.txt	0.6758241758241759	0.12912087912087913	0.01098901098901099	0.16483516483516483	0.019230769230769232
73	file:/C:/Users/chq-anyac/miniconda/myTAToM/data/austen-bronte-split/Austen_Emma0073.txt	0.5630252100840336	0.2969187675070028	0.0196078431372549	0.11484593837535013	0.0056022408963585435
74	file:/C:/Users/chq-anyac/miniconda/myTAToM/data/austen-bronte-split/Austen_Emma0074.txt	0.6475409836065574	0.18579234972677597	0.01912568306010929	0.13934426229508196	0.00819672131147541
75	file:/C:/Users/chq-anyac/miniconda/myTAToM/data/austen-bronte-split/Austen_Emma0075.txt	0.5477386934673367	0.3542713567839196	0.01507537688442211	0.0678391959798995	0.01507537688442211
76	file:/C:/Users/chq-anyac/miniconda/myTAToM/data/austen-bronte-split/Austen_Emma0076.txt	0.49117647058823527	0.43823529411764706	0.008823529411764706	0.058823529411764705	0.0029411764705882353
77	file:/C:/Users/chq-anyac/miniconda/myTAToM/data/austen-bronte-split/Austen_Emma0077.txt	0.34971098265895956	0.5317919075144508	0.06936416184971098	0.04335260115606936	0.005780346820809248
78	file:/C:/Users/chq-anyac/miniconda/myTAToM/data/austen-bronte-split/Austen_Emma0078.txt	0.4241645244215938	0.4138817480719794	0.10025706940874037	0.05141388174807198	0.010282776349614395
79	file:/C:/Users/chq-anyac/miniconda/myTAToM/data/austen-bronte-split/Austen_Emma0079.txt	0.6027027027027027	0.25405405405405407	0.08648648648648649	0.03783783783783784	0.01891891891891892
80	file:/C:/Users/chq-anyac/miniconda/myTAToM/data/austen-bronte-split/Austen_Emma0080.txt	0.6513513513513514	0.17567567567567569	0.05675675675675676	0.07837837837837838	0.03783783783783784
81	file:/C:/Users/chq-anyac/miniconda/myTAToM/data/austen-bronte-split/Austen_Emma0081.txt	0.6620498614958449	0.2299168975069252	0.0664819944598338	0.0332409972299169	0.008310249307479225
82	file:/C:/Users/chq-anyac/miniconda/myTAToM/data/austen-bronte-split/Austen_Emma0082.txt	0.6435897435897436	0.24871794871794872	0.03076923076923077	0.06923076923076923	0.007692307692307693
83	file:/C:/Users/chq-anyac/miniconda/myTAToM/data/austen-bronte-split/Austen_Emma0083.txt	0.6186868686868687	0.24242424242424243	0.08838383838383838	0.03282828282828283	0.017676767676767676
84	file:/C:/Users/chq-anyac/miniconda/myTAToM/data/austen-bronte-split/Austen_Emma0084.txt	0.6035805626598465	0.26854219948849106	0.061381074168797956	0.058823529411764705	0.0076726342710997444
85	file:/C:/Users/chq-anyac/miniconda/myTAToM/data/austen-bronte-split/Austen_Emma0085.txt	0.5867346938775511	0.29336734693877553	0.10204081632653061	0.015306122448979591	0.002551020408163265
86	file:/C:/Users/chq-anyac/miniconda/myTAToM/data/austen-bronte-split/Austen_Emma0086.txt	0.5398936170212766	0.2765957446808511	0.047872340425531915	0.10638297872340426	0.02925531914893617
87	file:/C:/Users/chq-anyac/miniconda/myTAToM/data/austen-bronte-split/Austen_Emma0087.txt	0.5338753387533876	0.33062330623306235	0.04336043360433604	0.06775067750677506	0.024390243902439025
88	file:/C:/Users/chq-anyac/miniconda/myTAToM/data/austen-bronte-split/Austen_Emma0088.txt	0.49025069637883006	0.3593314763231198	0.03899721448467967	0.0947075208913649	0.016713091922005572
89	file:/C:/Users/chq-anyac/miniconda/myTAToM/data/austen-bronte-split/Austen_Emma0089.txt	0.47752808988764045	0.25842696629213485	0.0702247191011236	0.18258426966292135	0.011235955056179775
90	file:/C:/Users/chq-anyac/miniconda/myTAToM/data/austen-bronte-split/Austen_Emma0090.txt	0.6356589147286822	0.23772609819121446	0.023255813953488372	0.09043927648578812	0.012919896640826873
91	file:/C:/Users/chq-anyac/miniconda/myTAToM/data/austen-bronte-split/Austen_Emma0091.txt	0.5738161559888579	0.26740947075208915	0.07242339832869081	0.0807799442896936	0.005571030640668524
92	file:/C:/Users/chq-anyac/miniconda/myTAToM/data/austen-bronte-split/Austen_Emma0092.txt	0.4380664652567976	0.459214501510574	0.05740181268882175	0.04229607250755287	0.0030211480362537764
93	file:/C:/Users/chq-anyac/miniconda/myTAToM/data/austen-bronte-split/Austen_Emma0093.txt	0.45135135135135135	0.43783783783783786	0.043243243243243246	0.05675675675675676	0.010810810810810811
94	file:/C:/Users/chq-anyac/miniconda/myTAToM/data/austen-bronte-split/Austen_Emma0094.txt	0.6544502617801047	0.12303664921465969	0.015706806282722512	0.18586387434554974	0.020942408376963352
95	file:/C:/Users/chq-anyac/miniconda/myTAToM/data/austen-bronte-split/Austen_Emma0095.txt	0.655421686746988	0.15903614457831325	0.04819277108433735	0.11325301204819277	0.024096385542168676
96	file:/C:/Users/chq-anyac/miniconda/myTAToM/data/austen-bronte-split/Austen_Emma0096.txt	0.6197530864197531	0.16790123456790124	0.019753086419753086	0.17037037037037037	0.022222222222222223
97	file:/C:/Users/chq-anyac/miniconda/myTAToM/data/austen-bronte-split/Austen_Emma0097.txt	0.5764075067024129	0.2761394101876676	0.032171581769437	0.10455764075067024	0.010723860589812333
98	file:/C:/Users/chq-anyac/miniconda/myTAToM/data/austen-bronte-split/Austen_Emma0098.txt	0.3485576923076923	0.3004807692307692	0.0889423076923077	0.24519230769230768	0.016826923076923076
99	file:/C:/Users/chq-anyac/miniconda/myTAToM/data/austen-bronte-split/Austen_Emma0099.txt	0.4358974358974359	0.2934472934472934	0.1225071225071225	0.12535612535612536	0.022792022792022793
100	file:/C:/Users/chq-anyac/miniconda/myTAToM/data/austen-bronte-split/Austen_Emma0100.txt	0.4674922600619195	0.3622291021671827	0.1238390092879257	0.043343653250773995	0.0030959752321981426
101	file:/C:/Users/chq-anyac/miniconda/myTAToM/data/austen-bronte-split/Austen_Emma0101.txt	0.6060606060606061	0.29292929292929293	0.050505050505050504	0.047979797979797977	0.0025252525252525255
102	file:/C:/Users/chq-anyac/miniconda/myTAToM/data/austen-bronte-split/Austen_Emma0102.txt	0.5333333333333333	0.2230769230769231	0.09487179487179487	0.14358974358974358	0.005128205128205128
103	file:/C:/Users/chq-anyac/miniconda/myTAToM/data/austen-bronte-split/Austen_Emma0103.txt	0.47883597883597884	0.3386243386243386	0.09259259259259259	0.082010582010582	0.007936507936507936
104	file:/C:/Users/chq-anyac/miniconda/myTAToM/data/austen-bronte-split/Austen_Emma0104.txt	0.5664893617021277	0.26861702127659576	0.026595744680851064	0.0797872340425532	0.05851063829787234
105	file:/C:/Users/chq-anyac/miniconda/myTAToM/data/austen-bronte-split/Austen_Emma0105.txt	0.5563725490196079	0.22549019607843138	0.03676470588235294	0.11764705882352941	0.06372549019607843
106	file:/C:/Users/chq-anyac/miniconda/myTAToM/data/austen-bronte-split/Austen_Emma0106.txt	0.4584269662921348	0.19775280898876405	0.033707865168539325	0.18202247191011237	0.12808988764044943
107	file:/C:/Users/chq-anyac/miniconda/myTAToM/data/austen-bronte-split/Austen_Emma0107.txt	0.4481792717086835	0.2773109243697479	0.056022408963585436	0.21568627450980393	0.0028011204481792717
108	file:/C:/Users/chq-anyac/miniconda/myTAToM/data/austen-bronte-split/Austen_Emma0108.txt	0.49453551912568305	0.3224043715846995	0.0546448087431694	0.10382513661202186	0.02459016393442623
109	file:/C:/Users/chq-anyac/miniconda/myTAToM/data/austen-bronte-split/Austen_Emma0109.txt	0.6289855072463768	0.17681159420289855	0.05217391304347826	0.11884057971014493	0.02318840579710145
110	file:/C:/Users/chq-anyac/miniconda/myTAToM/data/austen-bronte-split/Austen_Emma0110.txt	0.4301369863013699	0.3780821917808219	0.06575342465753424	0.10684931506849316	0.019178082191780823
111	file:/C:/Users/chq-anyac/miniconda/myTAToM/data/austen-bronte-split/Austen_Emma0111.txt	0.3955431754874652	0.38440111420612816	0.04735376044568245	0.16991643454038996	0.002785515320334262
112	file:/C:/Users/chq-anyac/miniconda/myTAToM/data/austen-bronte-split/Austen_Emma0112.txt	0.5702005730659025	0.36103151862464183	0.0057306590257879654	0.06017191977077364	0.0028653295128939827
113	file:/C:/Users/chq-anyac/miniconda/myTAToM/data/austen-bronte-split/Austen_Emma0113.txt	0.6312849162011173	0.25977653631284914	0.0223463687150838	0.08379888268156424	0.002793296089385475
114	file:/C:/Users/chq-anyac/miniconda/myTAToM/data/austen-bronte-split/Austen_Emma0114.txt	0.4076923076923077	0.4076923076923077	0.10512820512820513	0.06153846153846154	0.017948717948717947
115	file:/C:/Users/chq-anyac/miniconda/myTAToM/data/austen-bronte-split/Austen_Emma0115.txt	0.5251798561151079	0.35731414868105515	0.05515587529976019	0.045563549160671464	0.016786570743405275
116	file:/C:/Users/chq-anyac/miniconda/myTAToM/data/austen-bronte-split/Austen_Emma0116.txt	0.4871060171919771	0.34097421203438394	0.08882521489971347	0.08022922636103152	0.0028653295128939827
117	file:/C:/Users/chq-anyac/miniconda/myTAToM/data/austen-bronte-split/Austen_Emma0117.txt	0.3258426966292135	0.547752808988764	0.07303370786516854	0.0449438202247191	0.008426966292134831
118	file:/C:/Users/chq-anyac/miniconda/myTAToM/data/austen-bronte-split/Austen_Emma0118.txt	0.5111111111111111	0.3472222222222222	0.06666666666666667	0.04722222222222222	0.027777777777777776
119	file:/C:/Users/chq-anyac/miniconda/myTAToM/data/austen-bronte-split/Austen_Emma0119.txt	0.44389027431421446	0.41895261845386533	0.07231920199501247	0.04987531172069826	0.014962593516209476
120	file:/C:/Users/chq-anyac/miniconda/myTAToM/data/austen-bronte-split/Austen_Emma0120.txt	0.4553072625698324	0.41620111731843573	0.08379888268156424	0.04189944134078212	0.002793296089385475
121	file:/C:/Users/chq-anyac/miniconda/myTAToM/data/austen-bronte-split/Austen_Emma0121.txt	0.3611111111111111	0.49444444444444446	0.08055555555555556	0.05277777777777778	0.011111111111111112
122	file:/C:/Users/chq-anyac/miniconda/myTAToM/data/austen-bronte-split/Austen_Emma0122.txt	0.36314363143631434	0.45257452574525747	0.14634146341463414	0.03523035230352303	0.0027100271002710027
123	file:/C:/Users/chq-anyac/miniconda/myTAToM/data/austen-bronte-split/Austen_Emma0123.txt	0.3723404255319149	0.48404255319148937	0.0851063829787234	0.05319148936170213	0.005319148936170213
124	file:/C:/Users/chq-anyac/miniconda/myTAToM/data/austen-bronte-split/Austen_Emma0124.txt	0.34444444444444444	0.5416666666666666	0.075	0.013888888888888888	0.025
125	file:/C:/Users/chq-anyac/miniconda/myTAToM/data/austen-bronte-split/Austen_Emma0125.txt	0.3743455497382199	0.3403141361256545	0.08638743455497382	0.19633507853403143	0.002617801047120419
126	file:/C:/Users/chq-anyac/miniconda/myTAToM/data/austen-bronte-split/Austen_Emma0126.txt	0.35195530726256985	0.45251396648044695	0.16759776536312848	0.019553072625698324	0.008379888268156424
127	file:/C:/Users/chq-anyac/miniconda/myTAToM/data/austen-bronte-split/Austen_Emma0127.txt	0.27170868347338933	0.48179271708683474	0.19047619047619047	0.03361344537815126	0.022408963585434174
128	file:/C:/Users/chq-anyac/miniconda/myTAToM/data/austen-bronte-split/Austen_Emma0128.txt	0.266839378238342	0.5544041450777202	0.11398963730569948	0.046632124352331605	0.018134715025906734
129	file:/C:/Users/chq-anyac/miniconda/myTAToM/data/austen-bronte-split/Austen_Emma0129.txt	0.34536082474226804	0.4742268041237113	0.07474226804123711	0.05154639175257732	0.05412371134020619
130	file:/C:/Users/chq-anyac/miniconda/myTAToM/data/austen-bronte-split/Austen_Emma0130.txt	0.35359116022099446	0.48066298342541436	0.11878453038674033	0.04419889502762431	0.0027624309392265192
131	file:/C:/Users/chq-anyac/miniconda/myTAToM/data/austen-bronte-split/Austen_Emma0131.txt	0.26011560693641617	0.5722543352601156	0.06647398843930635	0.09248554913294797	0.008670520231213872
132	file:/C:/Users/chq-anyac/miniconda/myTAToM/data/austen-bronte-split/Austen_Emma0132.txt	0.40106951871657753	0.4839572192513369	0.09893048128342247	0.013368983957219251	0.00267379679144385
133	file:/C:/Users/chq-anyac/miniconda/myTAToM/data/austen-bronte-split/Austen_Emma0133.txt	0.40431266846361186	0.5148247978436657	0.07277628032345014	0.0026954177897574125	0.005390835579514825
134	file:/C:/Users/chq-anyac/miniconda/myTAToM/data/austen-bronte-split/Austen_Emma0134.txt	0.4452380952380952	0.3904761904761905	0.06666666666666667	0.05238095238095238	0.04523809523809524
135	file:/C:/Users/chq-anyac/miniconda/myTAToM/data/austen-bronte-split/Austen_Emma0135.txt	0.6118598382749326	0.19946091644204852	0.03773584905660377	0.08355795148247978	0.0673854447439353
136	file:/C:/Users/chq-anyac/miniconda/myTAToM/data/austen-bronte-split/Austen_Emma0136.txt	0.577259475218659	0.27988338192419826	0.04956268221574344	0.08163265306122448	0.011661807580174927
137	file:/C:/Users/chq-anyac/miniconda/myTAToM/data/austen-bronte-split/Austen_Emma0137.txt	0.4365781710914454	0.4336283185840708	0.07079646017699115	0.032448377581120944	0.02654867256637168
138	file:/C:/Users/chq-anyac/miniconda/myTAToM/data/austen-bronte-split/Austen_Emma0138.txt	0.5131195335276968	0.4314868804664723	0.037900874635568516	0.0029154518950437317	0.014577259475218658
139	file:/C:/Users/chq-anyac/miniconda/myTAToM/data/austen-bronte-split/Austen_Emma0139.txt	0.5348189415041783	0.34818941504178275	0.027855153203342618	0.08356545961002786	0.005571030640668524
140	file:/C:/Users/chq-anyac/miniconda/myTAToM/data/austen-bronte-split/Austen_Emma0140.txt	0.5142857142857142	0.3457142857142857	0.1	0.03428571428571429	0.005714285714285714
141	file:/C:/Users/chq-anyac/miniconda/myTAToM/data/austen-bronte-split/Austen_Emma0141.txt	0.4973958333333333	0.3359375	0.018229166666666668	0.1171875	0.03125
142	file:/C:/Users/chq-anyac/miniconda/myTAToM/data/austen-bronte-split/Austen_Emma0142.txt	0.48342541436464087	0.2845303867403315	0.06629834254143646	0.12154696132596685	0.04419889502762431
143	file:/C:/Users/chq-anyac/miniconda/myTAToM/data/austen-bronte-split/Austen_Emma0143.txt	0.3582474226804124	0.4484536082474227	0.11597938144329897	0.05412371134020619	0.023195876288659795
144	file:/C:/Users/chq-anyac/miniconda/myTAToM/data/austen-bronte-split/Austen_Pride0000.txt	0.6226993865030674	0.24539877300613497	0.06134969325153374	0.049079754601226995	0.02147239263803681
145	file:/C:/Users/chq-anyac/miniconda/myTAToM/data/austen-bronte-split/Austen_Pride0001.txt	0.5433526011560693	0.3092485549132948	0.02023121387283237	0.12138728323699421	0.005780346820809248
146	file:/C:/Users/chq-anyac/miniconda/myTAToM/data/austen-bronte-split/Austen_Pride0002.txt	0.6705202312138728	0.17052023121387283	0.02023121387283237	0.13005780346820808	0.008670520231213872
147	file:/C:/Users/chq-anyac/miniconda/myTAToM/data/austen-bronte-split/Austen_Pride0003.txt	0.4880952380952381	0.36607142857142855	0.09821428571428571	0.023809523809523808	0.023809523809523808
148	file:/C:/Users/chq-anyac/miniconda/myTAToM/data/austen-bronte-split/Austen_Pride0004.txt	0.6422535211267606	0.2535211267605634	0.056338028169014086	0.03380281690140845	0.014084507042253521
149	file:/C:/Users/chq-anyac/miniconda/myTAToM/data/austen-bronte-split/Austen_Pride0005.txt	0.4098360655737705	0.42950819672131146	0.10819672131147541	0.006557377049180328	0.04590163934426229
150	file:/C:/Users/chq-anyac/miniconda/myTAToM/data/austen-bronte-split/Austen_Pride0006.txt	0.5100286532951289	0.2636103151862464	0.0659025787965616	0.10315186246418338	0.05730659025787966
151	file:/C:/Users/chq-anyac/miniconda/myTAToM/data/austen-bronte-split/Austen_Pride0007.txt	0.531578947368421	0.3473684210526316	0.03684210526315789	0.07368421052631578	0.010526315789473684
152	file:/C:/Users/chq-anyac/miniconda/myTAToM/data/austen-bronte-split/Austen_Pride0008.txt	0.5439093484419264	0.2577903682719547	0.036827195467422094	0.1558073654390935	0.0056657223796034
153	file:/C:/Users/chq-anyac/miniconda/myTAToM/data/austen-bronte-split/Austen_Pride0009.txt	0.5	0.3324175824175824	0.01098901098901099	0.14285714285714285	0.013736263736263736
154	file:/C:/Users/chq-anyac/miniconda/myTAToM/data/austen-bronte-split/Austen_Pride0010.txt	0.5067385444743935	0.30727762803234504	0.04851752021563342	0.09973045822102426	0.03773584905660377
155	file:/C:/Users/chq-anyac/miniconda/myTAToM/data/austen-bronte-split/Austen_Pride0011.txt	0.5138121546961326	0.3453038674033149	0.03314917127071823	0.09392265193370165	0.013812154696132596
156	file:/C:/Users/chq-anyac/miniconda/myTAToM/data/austen-bronte-split/Austen_Pride0012.txt	0.5577464788732395	0.30704225352112674	0.02535211267605634	0.08732394366197183	0.022535211267605635
157	file:/C:/Users/chq-anyac/miniconda/myTAToM/data/austen-bronte-split/Austen_Pride0013.txt	0.3742857142857143	0.49142857142857144	0.04285714285714286	0.06571428571428571	0.025714285714285714
158	file:/C:/Users/chq-anyac/miniconda/myTAToM/data/austen-bronte-split/Austen_Pride0014.txt	0.525	0.3416666666666667	0.013888888888888888	0.10555555555555556	0.013888888888888888
159	file:/C:/Users/chq-anyac/miniconda/myTAToM/data/austen-bronte-split/Austen_Pride0015.txt	0.407202216066482	0.2880886426592798	0.0443213296398892	0.22160664819944598	0.038781163434903045
160	file:/C:/Users/chq-anyac/miniconda/myTAToM/data/austen-bronte-split/Austen_Pride0016.txt	0.403899721448468	0.45125348189415043	0.0947075208913649	0.04456824512534819	0.005571030640668524
161	file:/C:/Users/chq-anyac/miniconda/myTAToM/data/austen-bronte-split/Austen_Pride0017.txt	0.45558739255014324	0.3553008595988539	0.12893982808022922	0.054441260744985676	0.0057306590257879654
162	file:/C:/Users/chq-anyac/miniconda/myTAToM/data/austen-bronte-split/Austen_Pride0018.txt	0.48405797101449277	0.3884057971014493	0.04057971014492753	0.0782608695652174	0.008695652173913044
163	file:/C:/Users/chq-anyac/miniconda/myTAToM/data/austen-bronte-split/Austen_Pride0019.txt	0.4869791666666667	0.2838541666666667	0.08072916666666667	0.12239583333333333	0.026041666666666668
164	file:/C:/Users/chq-anyac/miniconda/myTAToM/data/austen-bronte-split/Austen_Pride0020.txt	0.5075757575757576	0.351010101010101	0.022727272727272728	0.10353535353535354	0.015151515151515152
165	file:/C:/Users/chq-anyac/miniconda/myTAToM/data/austen-bronte-split/Austen_Pride0021.txt	0.47282608695652173	0.33695652173913043	0.01358695652173913	0.15489130434782608	0.021739130434782608
166	file:/C:/Users/chq-anyac/miniconda/myTAToM/data/austen-bronte-split/Austen_Pride0022.txt	0.5103857566765578	0.35014836795252224	0.04154302670623145	0.08011869436201781	0.017804154302670624
167	file:/C:/Users/chq-anyac/miniconda/myTAToM/data/austen-bronte-split/Austen_Pride0023.txt	0.3162393162393162	0.5042735042735043	0.1396011396011396	0.03418803418803419	0.005698005698005698
168	file:/C:/Users/chq-anyac/miniconda/myTAToM/data/austen-bronte-split/Austen_Pride0024.txt	0.5774647887323944	0.3267605633802817	0.030985915492957747	0.04788732394366197	0.016901408450704224
169	file:/C:/Users/chq-anyac/miniconda/myTAToM/data/austen-bronte-split/Austen_Pride0025.txt	0.5212121212121212	0.40606060606060607	0.024242424242424242	0.021212121212121213	0.02727272727272727
170	file:/C:/Users/chq-anyac/miniconda/myTAToM/data/austen-bronte-split/Austen_Pride0026.txt	0.493368700265252	0.38726790450928383	0.03978779840848806	0.07692307692307693	0.002652519893899204
171	file:/C:/Users/chq-anyac/miniconda/myTAToM/data/austen-bronte-split/Austen_Pride0027.txt	0.425531914893617	0.3860182370820669	0.1094224924012158	0.0729483282674772	0.0060790273556231
172	file:/C:/Users/chq-anyac/miniconda/myTAToM/data/austen-bronte-split/Austen_Pride0028.txt	0.5119047619047619	0.41369047619047616	0.050595238095238096	0.020833333333333332	0.002976190476190476
173	file:/C:/Users/chq-anyac/miniconda/myTAToM/data/austen-bronte-split/Austen_Pride0029.txt	0.3706896551724138	0.5057471264367817	0.0603448275862069	0.04310344827586207	0.020114942528735632
174	file:/C:/Users/chq-anyac/miniconda/myTAToM/data/austen-bronte-split/Austen_Pride0030.txt	0.428169014084507	0.4028169014084507	0.04225352112676056	0.11549295774647887	0.011267605633802818
175	file:/C:/Users/chq-anyac/miniconda/myTAToM/data/austen-bronte-split/Austen_Pride0031.txt	0.477088948787062	0.4420485175202156	0.008086253369272238	0.04043126684636118	0.03234501347708895
176	file:/C:/Users/chq-anyac/miniconda/myTAToM/data/austen-bronte-split/Austen_Pride0032.txt	0.3769968051118211	0.4792332268370607	0.11501597444089456	0.006389776357827476	0.022364217252396165
177	file:/C:/Users/chq-anyac/miniconda/myTAToM/data/austen-bronte-split/Austen_Pride0033.txt	0.398876404494382	0.45786516853932585	0.05337078651685393	0.08426966292134831	0.0056179775280898875
178	file:/C:/Users/chq-anyac/miniconda/myTAToM/data/austen-bronte-split/Austen_Pride0034.txt	0.4147727272727273	0.4346590909090909	0.07102272727272728	0.07670454545454546	0.002840909090909091
179	file:/C:/Users/chq-anyac/miniconda/myTAToM/data/austen-bronte-split/Austen_Pride0035.txt	0.3866279069767442	0.4796511627906977	0.06686046511627906	0.061046511627906974	0.005813953488372093
180	file:/C:/Users/chq-anyac/miniconda/myTAToM/data/austen-bronte-split/Austen_Pride0036.txt	0.40828402366863903	0.5355029585798816	0.01775147928994083	0.026627218934911243	0.011834319526627219
181	file:/C:/Users/chq-anyac/miniconda/myTAToM/data/austen-bronte-split/Austen_Pride0037.txt	0.33689839572192515	0.5828877005347594	0.026737967914438502	0.0481283422459893	0.0053475935828877
182	file:/C:/Users/chq-anyac/miniconda/myTAToM/data/austen-bronte-split/Austen_Pride0038.txt	0.38524590163934425	0.5191256830601093	0.04644808743169399	0.03825136612021858	0.01092896174863388
183	file:/C:/Users/chq-anyac/miniconda/myTAToM/data/austen-bronte-split/Austen_Pride0039.txt	0.45066666666666666	0.4666666666666667	0.05333333333333334	0.02666666666666667	0.0026666666666666666
184	file:/C:/Users/chq-anyac/miniconda/myTAToM/data/austen-bronte-split/Austen_Pride0040.txt	0.3293051359516616	0.5830815709969789	0.05740181268882175	0.027190332326283987	0.0030211480362537764
185	file:/C:/Users/chq-anyac/miniconda/myTAToM/data/austen-bronte-split/Austen_Pride0041.txt	0.421875	0.484375	0.053125	0.00625	0.034375
186	file:/C:/Users/chq-anyac/miniconda/myTAToM/data/austen-bronte-split/Austen_Pride0042.txt	0.525679758308157	0.41389728096676737	0.04833836858006042	0.00906344410876133	0.0030211480362537764
187	file:/C:/Users/chq-anyac/miniconda/myTAToM/data/austen-bronte-split/Austen_Pride0043.txt	0.5143769968051118	0.4281150159744409	0.04472843450479233	0.003194888178913738	0.009584664536741214
188	file:/C:/Users/chq-anyac/miniconda/myTAToM/data/austen-bronte-split/Austen_Pride0044.txt	0.3935860058309038	0.5335276967930029	0.03206997084548105	0.03498542274052478	0.0058309037900874635
189	file:/C:/Users/chq-anyac/miniconda/myTAToM/data/austen-bronte-split/Austen_Pride0045.txt	0.39184952978056425	0.5297805642633229	0.05956112852664577	0.01567398119122257	0.003134796238244514
190	file:/C:/Users/chq-anyac/miniconda/myTAToM/data/austen-bronte-split/Austen_Pride0046.txt	0.4796747967479675	0.34959349593495936	0.13008130081300814	0.02981029810298103	0.01084010840108401
191	file:/C:/Users/chq-anyac/miniconda/myTAToM/data/austen-bronte-split/Austen_Pride0047.txt	0.36772486772486773	0.30158730158730157	0.013227513227513227	0.2698412698412698	0.047619047619047616
192	file:/C:/Users/chq-anyac/miniconda/myTAToM/data/austen-bronte-split/Austen_Pride0048.txt	0.555256064690027	0.21293800539083557	0.0215633423180593	0.20485175202156333	0.005390835579514825
193	file:/C:/Users/chq-anyac/miniconda/myTAToM/data/austen-bronte-split/Austen_Pride0049.txt	0.4790575916230366	0.2643979057591623	0.01832460732984293	0.21204188481675393	0.02617801047120419
194	file:/C:/Users/chq-anyac/miniconda/myTAToM/data/austen-bronte-split/Austen_Pride0050.txt	0.5626740947075209	0.24512534818941503	0.04178272980501393	0.13370473537604458	0.016713091922005572
195	file:/C:/Users/chq-anyac/miniconda/myTAToM/data/austen-bronte-split/Austen_Pride0051.txt	0.4420485175202156	0.38005390835579517	0.02425876010781671	0.1509433962264151	0.0026954177897574125
196	file:/C:/Users/chq-anyac/miniconda/myTAToM/data/austen-bronte-split/Austen_Pride0052.txt	0.5739644970414202	0.3136094674556213	0.026627218934911243	0.05325443786982249	0.03254437869822485
197	file:/C:/Users/chq-anyac/miniconda/myTAToM/data/austen-bronte-split/Austen_Pride0053.txt	0.5253731343283582	0.37910447761194027	0.023880597014925373	0.0626865671641791	0.008955223880597015
198	file:/C:/Users/chq-anyac/miniconda/myTAToM/data/austen-bronte-split/Austen_Pride0054.txt	0.47230320699708456	0.40233236151603496	0.04956268221574344	0.0728862973760933	0.0029154518950437317
199	file:/C:/Users/chq-anyac/miniconda/myTAToM/data/austen-bronte-split/Austen_Pride0055.txt	0.4222222222222222	0.4984126984126984	0.025396825396825397	0.044444444444444446	0.009523809523809525
200	file:/C:/Users/chq-anyac/miniconda/myTAToM/data/austen-bronte-split/Austen_Pride0056.txt	0.3033033033033033	0.6186186186186187	0.036036036036036036	0.021021021021021023	0.021021021021021023
201	file:/C:/Users/chq-anyac/miniconda/myTAToM/data/austen-bronte-split/Austen_Pride0057.txt	0.16913946587537093	0.6231454005934718	0.08605341246290801	0.11572700296735905	0.005934718100890208
202	file:/C:/Users/chq-anyac/miniconda/myTAToM/data/austen-bronte-split/Austen_Pride0058.txt	0.1871508379888268	0.6089385474860335	0.061452513966480445	0.13128491620111732	0.0111731843575419
203	file:/C:/Users/chq-anyac/miniconda/myTAToM/data/austen-bronte-split/Austen_Pride0059.txt	0.21068249258160238	0.599406528189911	0.08605341246290801	0.10089020771513353	0.002967359050445104
204	file:/C:/Users/chq-anyac/miniconda/myTAToM/data/austen-bronte-split/Austen_Pride0060.txt	0.1897590361445783	0.7018072289156626	0.07530120481927711	0.024096385542168676	0.009036144578313253
205	file:/C:/Users/chq-anyac/miniconda/myTAToM/data/austen-bronte-split/Austen_Pride0061.txt	0.13313609467455623	0.7041420118343196	0.12130177514792899	0.03550295857988166	0.005917159763313609
206	file:/C:/Users/chq-anyac/miniconda/myTAToM/data/austen-bronte-split/Austen_Pride0062.txt	0.2413793103448276	0.5919540229885057	0.09770114942528736	0.05172413793103448	0.017241379310344827
207	file:/C:/Users/chq-anyac/miniconda/myTAToM/data/austen-bronte-split/Austen_Pride0063.txt	0.2967032967032967	0.5824175824175825	0.07967032967032966	0.03571428571428571	0.005494505494505495
208	file:/C:/Users/chq-anyac/miniconda/myTAToM/data/austen-bronte-split/Austen_Pride0064.txt	0.43869209809264303	0.5013623978201635	0.027247956403269755	0.027247956403269755	0.005449591280653951
