0	file:/C:/Users/chq-anyac/miniconda/myTAToM/data/austen-bronte-split/Austen_Emma0000.txt	0.46335697399527187	0.36879432624113473	0.037825059101654845	0.1111111111111111	0.018912529550827423
1	file:/C:/Users/chq-anyac/miniconda/myTAToM/data/austen-bronte-split/Austen_Emma0001.txt	0.6573208722741433	0.16822429906542055	0.04984423676012461	0.12149532710280374	0.003115264797507788
2	file:/C:/Users/chq-anyac/miniconda/myTAToM/data/austen-bronte-split/Austen_Emma0002.txt	0.5653409090909091	0.3068181818181818	0.017045454545454544	0.10795454545454546	0.002840909090909091
3	file:/C:/Users/chq-anyac/miniconda/myTAToM/data/austen-bronte-split/Austen_Emma0003.txt	0.43765281173594134	0.45232273838630804	0.007334963325183374	0.07579462102689487	0.02689486552567237
4	file:/C:/Users/chq-anyac/miniconda/myTAToM/data/austen-bronte-split/Austen_Emma0004.txt	0.48184019370460046	0.36561743341404357	0.007263922518159807	0.13317191283292978	0.012106537530266344
5	file:/C:/Users/chq-anyac/miniconda/myTAToM/data/austen-bronte-split/Austen_Emma0005.txt	0.4177777777777778	0.2288888888888889	0.028888888888888888	0.24444444444444444	0.08
6	file:/C:/Users/chq-anyac/miniconda/myTAToM/data/austen-bronte-split/Austen_Emma0006.txt	0.5525672371638142	0.21271393643031786	0.009779951100244499	0.18092909535452323	0.044009779951100246
7	file:/C:/Users/chq-anyac/miniconda/myTAToM/data/austen-bronte-split/Austen_Emma0007.txt	0.4794952681388013	0.22712933753943218	0.01892744479495268	0.2586750788643533	0.015772870662460567
8	file:/C:/Users/chq-anyac/miniconda/myTAToM/data/austen-bronte-split/Austen_Emma0008.txt	0.5488505747126436	0.14367816091954022	0.040229885057471264	0.2557471264367816	0.011494252873563218
9	file:/C:/Users/chq-anyac/miniconda/myTAToM/data/austen-bronte-split/Austen_Emma0009.txt	0.5109289617486339	0.2103825136612022	0.01639344262295082	0.2568306010928962	0.00546448087431694
10	file:/C:/Users/chq-anyac/miniconda/myTAToM/data/austen-bronte-split/Austen_Emma0010.txt	0.4114441416893733	0.3215258855585831	0.01634877384196185	0.24795640326975477	0.0027247956403269754
11	file:/C:/Users/chq-anyac/miniconda/myTAToM/data/austen-bronte-split/Austen_Emma0011.txt	0.5295774647887324	0.24788732394366197	0.005633802816901409	0.2112676056338028	0.005633802816901409
12	file:/C:/Users/chq-anyac/miniconda/myTAToM/data/austen-bronte-split/Austen_Emma0012.txt	0.34502923976608185	0.2046783625730994	0.04093567251461988	0.39766081871345027	0.011695906432748537
13	file:/C:/Users/chq-anyac/miniconda/myTAToM/data/austen-bronte-split/Austen_Emma0013.txt	0.4888268156424581	0.17039106145251395	0.01675977653631285	0.2877094972067039	0.036312849162011177
14	file:/C:/Users/chq-anyac/miniconda/myTAToM/data/austen-bronte-split/Austen_Emma0014.txt	0.47093023255813954	0.4069767441860465	0.02616279069767442	0.07848837209302326	0.01744186046511628
15	file:/C:/Users/chq-anyac/miniconda/myTAToM/data/austen-bronte-split/Austen_Emma0015.txt	0.5358166189111748	0.2693409742120344	0.03724928366762178	0.14040114613180515	0.017191977077363897
16	file:/C:/Users/chq-anyac/miniconda/myTAToM/data/austen-bronte-split/Austen_Emma0016.txt	0.5975975975975976	0.21621621621621623	0.03003003003003003	0.11711711711711711	0.03903903903903904
17	file:/C:/Users/chq-anyac/miniconda/myTAToM/data/austen-bronte-split/Austen_Emma0017.txt	0.45714285714285713	0.35714285714285715	0.005714285714285714	0.1742857142857143	0.005714285714285714
18	file:/C:/Users/chq-anyac/miniconda/myTAToM/data/austen-bronte-split/Austen_Emma0018.txt	0.4083333333333333	0.31666666666666665	0.002777777777777778	0.2638888888888889	0.008333333333333333
19	file:/C:/Users/chq-anyac/miniconda/myTAToM/data/austen-bronte-split/Austen_Emma0019.txt	0.5623268698060941	0.2659279778393352	0.008310249307479225	0.16066481994459833	0.002770083102493075
20	file:/C:/Users/chq-anyac/miniconda/myTAToM/data/austen-bronte-split/Austen_Emma0020.txt	0.3012658227848101	0.21518987341772153	0.03291139240506329	0.379746835443038	0.07088607594936709
21	file:/C:/Users/chq-anyac/miniconda/myTAToM/data/austen-bronte-split/Austen_Emma0021.txt	0.4180327868852459	0.24316939890710382	0.0273224043715847	0.25136612021857924	0.060109289617486336
22	file:/C:/Users/chq-anyac/miniconda/myTAToM/data/austen-bronte-split/Austen_Emma0022.txt	0.24495677233429394	0.2564841498559078	0.06628242074927954	0.4092219020172911	0.023054755043227664
23	file:/C:/Users/chq-anyac/miniconda/myTAToM/data/austen-bronte-split/Austen_Emma0023.txt	0.5185185185185185	0.16666666666666666	0.033950617283950615	0.24382716049382716	0.037037037037037035
24	file:/C:/Users/chq-anyac/miniconda/myTAToM/data/austen-bronte-split/Austen_Emma0024.txt	0.35816618911174786	0.35816618911174786	0.025787965616045846	0.1977077363896848	0.06017191977077364
25	file:/C:/Users/chq-anyac/miniconda/myTAToM/data/austen-bronte-split/Austen_Emma0025.txt	0.4180790960451977	0.3587570621468927	0.03672316384180791	0.12994350282485875	0.05649717514124294
26	file:/C:/Users/chq-anyac/miniconda/myTAToM/data/austen-bronte-split/Austen_Emma0026.txt	0.47244094488188976	0.2887139107611549	0.04199475065616798	0.14173228346456693	0.05511811023622047
27	file:/C:/Users/chq-anyac/miniconda/myTAToM/data/austen-bronte-split/Austen_Emma0027.txt	0.47150259067357514	0.35233160621761656	0.0025906735751295338	0.16580310880829016	0.007772020725388601
28	file:/C:/Users/chq-anyac/miniconda/myTAToM/data/austen-bronte-split/Austen_Emma0028.txt	0.40318302387267907	0.36074270557029176	0.013262599469496022	0.1989389920424403	0.023872679045092837
29	file:/C:/Users/chq-anyac/miniconda/myTAToM/data/austen-bronte-split/Austen_Emma0029.txt	0.49866666666666665	0.2693333333333333	0.050666666666666665	0.14933333333333335	0.032
30	file:/C:/Users/chq-anyac/miniconda/myTAToM/data/austen-bronte-split/Austen_Emma0030.txt	0.643646408839779	0.2154696132596685	0.022099447513812154	0.09944751381215469	0.019337016574585635
31	file:/C:/Users/chq-anyac/miniconda/myTAToM/data/austen-bronte-split/Austen_Emma0031.txt	0.5588972431077694	0.20551378446115287	0.03759398496240601	0.18045112781954886	0.017543859649122806
32	file:/C:/Users/chq-anyac/miniconda/myTAToM/data/austen-bronte-split/Austen_Emma0032.txt	0.4985754985754986	0.28205128205128205	0.05698005698005698	0.1452991452991453	0.017094017094017096
33	file:/C:/Users/chq-anyac/miniconda/myTAToM/data/austen-bronte-split/Austen_Emma0033.txt	0.549618320610687	0.20865139949109415	0.06361323155216285	0.1475826972010178	0.030534351145038167
34	file:/C:/Users/chq-anyac/miniconda/myTAToM/data/austen-bronte-split/Austen_Emma0034.txt	0.5694822888283378	0.23433242506811988	0.010899182561307902	0.17983651226158037	0.005449591280653951
35	file:/C:/Users/chq-anyac/miniconda/myTAToM/data/austen-bronte-split/Austen_Emma0035.txt	0.6199376947040498	0.26479750778816197	0.021806853582554516	0.059190031152647975	0.03426791277258567
36	file:/C:/Users/chq-anyac/miniconda/myTAToM/data/austen-bronte-split/Austen_Emma0036.txt	0.5186170212765957	0.24202127659574468	0.05851063829787234	0.17287234042553193	0.007978723404255319
37	file:/C:/Users/chq-anyac/miniconda/myTAToM/data/austen-bronte-split/Austen_Emma0037.txt	0.591304347826087	0.19130434782608696	0.11014492753623188	0.09565217391304348	0.011594202898550725
38	file:/C:/Users/chq-anyac/miniconda/myTAToM/data/austen-bronte-split/Austen_Emma0038.txt	0.5494791666666666	0.2864583333333333	0.036458333333333336	0.125	0.0026041666666666665
39	file:/C:/Users/chq-anyac/miniconda/myTAToM/data/austen-bronte-split/Austen_Emma0039.txt	0.3865336658354115	0.3765586034912718	0.06234413965087282	0.14962593516209477	0.02493765586034913
40	file:/C:/Users/chq-anyac/miniconda/myTAToM/data/austen-bronte-split/Austen_Emma0040.txt	0.5013123359580053	0.3123359580052493	0.049868766404199474	0.12073490813648294	0.015748031496062992
41	file:/C:/Users/chq-anyac/miniconda/myTAToM/data/austen-bronte-split/Austen_Emma0041.txt	0.494949494949495	0.35858585858585856	0.007575757575757576	0.1111111111111111	0.027777777777777776
42	file:/C:/Users/chq-anyac/miniconda/myTAToM/data/austen-bronte-split/Austen_Emma0042.txt	0.4355300859598854	0.4355300859598854	0.0028653295128939827	0.12034383954154727	0.0057306590257879654
43	file:/C:/Users/chq-anyac/miniconda/myTAToM/data/austen-bronte-split/Austen_Emma0043.txt	0.3508771929824561	0.43859649122807015	0.02046783625730994	0.1608187134502924	0.029239766081871343
44	file:/C:/Users/chq-anyac/miniconda/myTAToM/data/austen-bronte-split/Austen_Emma0044.txt	0.5686813186813187	0.20054945054945056	0.0521978021978022	0.17032967032967034	0.008241758241758242
45	file:/C:/Users/chq-anyac/miniconda/myTAToM/data/austen-bronte-split/Austen_Emma0045.txt	0.5732484076433121	0.15605095541401273	0.07961783439490445	0.17834394904458598	0.012738853503184714
46	file:/C:/Users/chq-anyac/miniconda/myTAToM/data/austen-bronte-split/Austen_Emma0046.txt	0.5988023952095808	0.2275449101796407	0.038922155688622756	0.1317365269461078	0.0029940119760479044
47	file:/C:/Users/chq-anyac/miniconda/myTAToM/data/austen-bronte-split/Austen_Emma0047.txt	0.3744292237442922	0.4497716894977169	0.02511415525114155	0.11643835616438356	0.03424657534246575
48	file:/C:/Users/chq-anyac/miniconda/myTAToM/data/austen-bronte-split/Austen_Emma0048.txt	0.4192708333333333	0.2734375	0.020833333333333332	0.2578125	0.028645833333333332
49	file:/C:/Users/chq-anyac/miniconda/myTAToM/data/austen-bronte-split/Austen_Emma0049.txt	0.5286103542234333	0.19346049046321526	0.010899182561307902	0.26430517711171664	0.0027247956403269754
50	file:/C:/Users/chq-anyac/miniconda/myTAToM/data/austen-bronte-split/Austen_Emma0050.txt	0.6810810810810811	0.11081081081081082	0.008108108108108109	0.1972972972972973	0.002702702702702703
51	file:/C:/Users/chq-anyac/miniconda/myTAToM/data/austen-bronte-split/Austen_Emma0051.txt	0.6123595505617978	0.14325842696629212	0.05337078651685393	0.1797752808988764	0.011235955056179775
52	file:/C:/Users/chq-anyac/miniconda/myTAToM/data/austen-bronte-split/Austen_Emma0052.txt	0.4742857142857143	0.3342857142857143	0.02857142857142857	0.16	0.002857142857142857
53	file:/C:/Users/chq-anyac/miniconda/myTAToM/data/austen-bronte-split/Austen_Emma0053.txt	0.4846153846153846	0.24871794871794872	0.05128205128205128	0.20256410256410257	0.01282051282051282
54	file:/C:/Users/chq-anyac/miniconda/myTAToM/data/austen-bronte-split/Austen_Emma0054.txt	0.5569948186528497	0.21502590673575128	0.05958549222797927	0.13471502590673576	0.03367875647668394
55	file:/C:/Users/chq-anyac/miniconda/myTAToM/data/austen-bronte-split/Austen_Emma0055.txt	0.5191815856777494	0.17647058823529413	0.06905370843989769	0.19437340153452684	0.04092071611253197
56	file:/C:/Users/chq-anyac/miniconda/myTAToM/data/austen-bronte-split/Austen_Emma0056.txt	0.5645161290322581	0.22043010752688172	0.013440860215053764	0.18548387096774194	0.016129032258064516
57	file:/C:/Users/chq-anyac/miniconda/myTAToM/data/austen-bronte-split/Austen_Emma0057.txt	0.6098191214470284	0.21963824289405684	0.012919896640826873	0.13953488372093023	0.01808785529715762
58	file:/C:/Users/chq-anyac/miniconda/myTAToM/data/austen-bronte-split/Austen_Emma0058.txt	0.5052631578947369	0.1868421052631579	0.018421052631578946	0.26842105263157895	0.021052631578947368
59	file:/C:/Users/chq-anyac/miniconda/myTAToM/data/austen-bronte-split/Austen_Emma0059.txt	0.4257703081232493	0.3333333333333333	0.04201680672268908	0.1876750700280112	0.011204481792717087
60	file:/C:/Users/chq-anyac/miniconda/myTAToM/data/austen-bronte-split/Austen_Emma0060.txt	0.5039164490861618	0.26370757180156656	0.013054830287206266	0.19843342036553524	0.020887728459530026
61	file:/C:/Users/chq-anyac/miniconda/myTAToM/data/austen-bronte-split/Austen_Emma0061.txt	0.660436137071651	0.13395638629283488	0.059190031152647975	0.11838006230529595	0.028037383177570093
62	file:/C:/Users/chq-anyac/miniconda/myTAToM/data/austen-bronte-split/Austen_Emma0062.txt	0.5853658536585366	0.15176151761517614	0.016260162601626018	0.22493224932249323	0.02168021680216802
63	file:/C:/Users/chq-anyac/miniconda/myTAToM/data/austen-bronte-split/Austen_Emma0063.txt	0.5760233918128655	0.22514619883040934	0.04093567251461988	0.15497076023391812	0.0029239766081871343
64	file:/C:/Users/chq-anyac/miniconda/myTAToM/data/austen-bronte-split/Austen_Emma0064.txt	0.4948186528497409	0.19170984455958548	0.010362694300518135	0.2694300518134715	0.03367875647668394
65	file:/C:/Users/chq-anyac/miniconda/myTAToM/data/austen-bronte-split/Austen_Emma0065.txt	0.5297619047619048	0.19642857142857142	0.008928571428571428	0.25297619047619047	0.011904761904761904
66	file:/C:/Users/chq-anyac/miniconda/myTAToM/data/austen-bronte-split/Austen_Emma0066.txt	0.5536723163841808	0.3050847457627119	0.01694915254237288	0.11299435028248588	0.011299435028248588
67	file:/C:/Users/chq-anyac/miniconda/myTAToM/data/austen-bronte-split/Austen_Emma0067.txt	0.5509708737864077	0.21359223300970873	0.04611650485436893	0.1820388349514563	0.007281553398058253
68	file:/C:/Users/chq-anyac/miniconda/myTAToM/data/austen-bronte-split/Austen_Emma0068.txt	0.5912806539509536	0.11171662125340599	0.05722070844686648	0.22615803814713897	0.013623978201634877
69	file:/C:/Users/chq-anyac/miniconda/myTAToM/data/austen-bronte-split/Austen_Emma0069.txt	0.7183098591549296	0.07042253521126761	0.03380281690140845	0.1352112676056338	0.04225352112676056
70	file:/C:/Users/chq-anyac/miniconda/myTAToM/data/austen-bronte-split/Austen_Emma0070.txt	0.5103244837758112	0.10029498525073746	0.10619469026548672	0.25073746312684364	0.032448377581120944
71	file:/C:/Users/chq-anyac/miniconda/myTAToM/data/austen-bronte-split/Austen_Emma0071.txt	0.5301837270341208	0.17585301837270342	0.03937007874015748	0.24671916010498687	0.007874015748031496
72	file:/C:/Users/chq-anyac/miniconda/myTAToM/data/austen-bronte-split/Austen_Emma0072.txt	0.6923076923076923	0.09065934065934066	0.04120879120879121	0.1565934065934066	0.019230769230769232
73	file:/C:/Users/chq-anyac/miniconda/myTAToM/data/austen-bronte-split/Austen_Emma0073.txt	0.5854341736694678	0.22128851540616246	0.025210084033613446	0.16526610644257703	0.0028011204481792717
74	file:/C:/Users/chq-anyac/miniconda/myTAToM/data/austen-bronte-split/Austen_Emma0074.txt	0.6311475409836066	0.1830601092896175	0.01366120218579235	0.15846994535519127	0.01366120218579235
75	file:/C:/Users/chq-anyac/miniconda/myTAToM/data/austen-bronte-split/Austen_Emma0075.txt	0.6055276381909548	0.22613065326633167	0.005025125628140704	0.15326633165829145	0.010050251256281407
76	file:/C:/Users/chq-anyac/miniconda/myTAToM/data/austen-bronte-split/Austen_Emma0076.txt	0.47352941176470587	0.35294117647058826	0.041176470588235294	0.1264705882352941	0.0058823529411764705
77	file:/C:/Users/chq-anyac/miniconda/myTAToM/data/austen-bronte-split/Austen_Emma0077.txt	0.47398843930635837	0.430635838150289	0.017341040462427744	0.07514450867052024	0.002890173410404624
78	file:/C:/Users/chq-anyac/miniconda/myTAToM/data/austen-bronte-split/Austen_Emma0078.txt	0.4832904884318766	0.35475578406169667	0.02313624678663239	0.13110539845758354	0.007712082262210797
79	file:/C:/Users/chq-anyac/miniconda/myTAToM/data/austen-bronte-split/Austen_Emma0079.txt	0.44054054054054054	0.33783783783783783	0.04594594594594595	0.16216216216216217	0.013513513513513514
80	file:/C:/Users/chq-anyac/miniconda/myTAToM/data/austen-bronte-split/Austen_Emma0080.txt	0.6108108108108108	0.12162162162162163	0.032432432432432434	0.2	0.03513513513513514
81	file:/C:/Users/chq-anyac/miniconda/myTAToM/data/austen-bronte-split/Austen_Emma0081.txt	0.5484764542936288	0.18005540166204986	0.013850415512465374	0.2548476454293629	0.002770083102493075
82	file:/C:/Users/chq-anyac/miniconda/myTAToM/data/austen-bronte-split/Austen_Emma0082.txt	0.5948717948717949	0.2128205128205128	0.007692307692307693	0.1717948717948718	0.01282051282051282
83	file:/C:/Users/chq-anyac/miniconda/myTAToM/data/austen-bronte-split/Austen_Emma0083.txt	0.5580808080808081	0.24494949494949494	0.012626262626262626	0.15151515151515152	0.03282828282828283
84	file:/C:/Users/chq-anyac/miniconda/myTAToM/data/austen-bronte-split/Austen_Emma0084.txt	0.5882352941176471	0.23017902813299232	0.020460358056265986	0.15601023017902813	0.005115089514066497
85	file:/C:/Users/chq-anyac/miniconda/myTAToM/data/austen-bronte-split/Austen_Emma0085.txt	0.5841836734693877	0.22193877551020408	0.04081632653061224	0.14540816326530612	0.007653061224489796
86	file:/C:/Users/chq-anyac/miniconda/myTAToM/data/austen-bronte-split/Austen_Emma0086.txt	0.5372340425531915	0.21010638297872342	0.06914893617021277	0.1595744680851064	0.023936170212765957
87	file:/C:/Users/chq-anyac/miniconda/myTAToM/data/austen-bronte-split/Austen_Emma0087.txt	0.45528455284552843	0.25203252032520324	0.07317073170731707	0.2032520325203252	0.016260162601626018
88	file:/C:/Users/chq-anyac/miniconda/myTAToM/data/austen-bronte-split/Austen_Emma0088.txt	0.5738161559888579	0.2479108635097493	0.027855153203342618	0.12256267409470752	0.027855153203342618
89	file:/C:/Users/chq-anyac/miniconda/myTAToM/data/austen-bronte-split/Austen_Emma0089.txt	0.5561797752808989	0.11235955056179775	0.11235955056179775	0.21348314606741572	0.0056179775280898875
90	file:/C:/Users/chq-anyac/miniconda/myTAToM/data/austen-bronte-split/Austen_Emma0090.txt	0.6227390180878553	0.165374677002584	0.04909560723514212	0.15762273901808785	0.00516795865633075
91	file:/C:/Users/chq-anyac/miniconda/myTAToM/data/austen-bronte-split/Austen_Emma0091.txt	0.4401114206128134	0.3008356545961003	0.08913649025069638	0.15041782729805014	0.019498607242339833
92	file:/C:/Users/chq-anyac/miniconda/myTAToM/data/austen-bronte-split/Austen_Emma0092.txt	0.5649546827794562	0.32628398791540786	0.00906344410876133	0.09365558912386707	0.006042296072507553
93	file:/C:/Users/chq-anyac/miniconda/myTAToM/data/austen-bronte-split/Austen_Emma0093.txt	0.572972972972973	0.2972972972972973	0.051351351351351354	0.07567567567567568	0.002702702702702703
94	file:/C:/Users/chq-anyac/miniconda/myTAToM/data/austen-bronte-split/Austen_Emma0094.txt	0.5942408376963351	0.12303664921465969	0.04712041884816754	0.225130890052356	0.010471204188481676
95	file:/C:/Users/chq-anyac/miniconda/myTAToM/data/austen-bronte-split/Austen_Emma0095.txt	0.6024096385542169	0.10120481927710843	0.043373493975903614	0.25060240963855424	0.0024096385542168677
96	file:/C:/Users/chq-anyac/miniconda/myTAToM/data/austen-bronte-split/Austen_Emma0096.txt	0.5506172839506173	0.11604938271604938	0.056790123456790124	0.2617283950617284	0.014814814814814815
97	file:/C:/Users/chq-anyac/miniconda/myTAToM/data/austen-bronte-split/Austen_Emma0097.txt	0.5308310991957105	0.2225201072386059	0.045576407506702415	0.19571045576407506	0.005361930294906166
98	file:/C:/Users/chq-anyac/miniconda/myTAToM/data/austen-bronte-split/Austen_Emma0098.txt	0.43990384615384615	0.21394230769230768	0.13221153846153846	0.15865384615384615	0.055288461538461536
99	file:/C:/Users/chq-anyac/miniconda/myTAToM/data/austen-bronte-split/Austen_Emma0099.txt	0.46438746438746437	0.2706552706552707	0.09401709401709402	0.15669515669515668	0.014245014245014245
100	file:/C:/Users/chq-anyac/miniconda/myTAToM/data/austen-bronte-split/Austen_Emma0100.txt	0.4520123839009288	0.3188854489164087	0.04953560371517028	0.16718266253869968	0.01238390092879257
101	file:/C:/Users/chq-anyac/miniconda/myTAToM/data/austen-bronte-split/Austen_Emma0101.txt	0.6363636363636364	0.19696969696969696	0.04292929292929293	0.1111111111111111	0.012626262626262626
102	file:/C:/Users/chq-anyac/miniconda/myTAToM/data/austen-bronte-split/Austen_Emma0102.txt	0.44358974358974357	0.15128205128205127	0.14358974358974358	0.2564102564102564	0.005128205128205128
103	file:/C:/Users/chq-anyac/miniconda/myTAToM/data/austen-bronte-split/Austen_Emma0103.txt	0.49206349206349204	0.25925925925925924	0.06613756613756613	0.17724867724867724	0.005291005291005291
104	file:/C:/Users/chq-anyac/miniconda/myTAToM/data/austen-bronte-split/Austen_Emma0104.txt	0.5106382978723404	0.2579787234042553	0.02925531914893617	0.1595744680851064	0.0425531914893617
105	file:/C:/Users/chq-anyac/miniconda/myTAToM/data/austen-bronte-split/Austen_Emma0105.txt	0.5906862745098039	0.10294117647058823	0.041666666666666664	0.19362745098039216	0.07107843137254902
106	file:/C:/Users/chq-anyac/miniconda/myTAToM/data/austen-bronte-split/Austen_Emma0106.txt	0.4449438202247191	0.10337078651685393	0.06741573033707865	0.2	0.1842696629213483
107	file:/C:/Users/chq-anyac/miniconda/myTAToM/data/austen-bronte-split/Austen_Emma0107.txt	0.47058823529411764	0.21008403361344538	0.12324929971988796	0.17086834733893558	0.025210084033613446
108	file:/C:/Users/chq-anyac/miniconda/myTAToM/data/austen-bronte-split/Austen_Emma0108.txt	0.5355191256830601	0.21311475409836064	0.03551912568306011	0.1912568306010929	0.02459016393442623
109	file:/C:/Users/chq-anyac/miniconda/myTAToM/data/austen-bronte-split/Austen_Emma0109.txt	0.4782608695652174	0.1391304347826087	0.028985507246376812	0.34202898550724636	0.011594202898550725
110	file:/C:/Users/chq-anyac/miniconda/myTAToM/data/austen-bronte-split/Austen_Emma0110.txt	0.4876712328767123	0.3150684931506849	0.03287671232876712	0.16164383561643836	0.0027397260273972603
111	file:/C:/Users/chq-anyac/miniconda/myTAToM/data/austen-bronte-split/Austen_Emma0111.txt	0.47075208913649025	0.2924791086350975	0.11142061281337047	0.116991643454039	0.008356545961002786
112	file:/C:/Users/chq-anyac/miniconda/myTAToM/data/austen-bronte-split/Austen_Emma0112.txt	0.6504297994269341	0.2808022922636103	0.022922636103151862	0.034383954154727794	0.011461318051575931
113	file:/C:/Users/chq-anyac/miniconda/myTAToM/data/austen-bronte-split/Austen_Emma0113.txt	0.6284916201117319	0.276536312849162	0.0223463687150838	0.06983240223463687	0.002793296089385475
114	file:/C:/Users/chq-anyac/miniconda/myTAToM/data/austen-bronte-split/Austen_Emma0114.txt	0.47692307692307695	0.3487179487179487	0.0641025641025641	0.09487179487179487	0.015384615384615385
115	file:/C:/Users/chq-anyac/miniconda/myTAToM/data/austen-bronte-split/Austen_Emma0115.txt	0.6115107913669064	0.2997601918465228	0.02158273381294964	0.04316546762589928	0.023980815347721823
116	file:/C:/Users/chq-anyac/miniconda/myTAToM/data/austen-bronte-split/Austen_Emma0116.txt	0.5616045845272206	0.2521489971346705	0.05157593123209169	0.11461318051575932	0.02005730659025788
117	file:/C:/Users/chq-anyac/miniconda/myTAToM/data/austen-bronte-split/Austen_Emma0117.txt	0.4410112359550562	0.398876404494382	0.0449438202247191	0.10955056179775281	0.0056179775280898875
118	file:/C:/Users/chq-anyac/miniconda/myTAToM/data/austen-bronte-split/Austen_Emma0118.txt	0.5444444444444444	0.30277777777777776	0.002777777777777778	0.125	0.025
119	file:/C:/Users/chq-anyac/miniconda/myTAToM/data/austen-bronte-split/Austen_Emma0119.txt	0.5536159600997507	0.3541147132169576	0.022443890274314215	0.06483790523690773	0.004987531172069825
120	file:/C:/Users/chq-anyac/miniconda/myTAToM/data/austen-bronte-split/Austen_Emma0120.txt	0.505586592178771	0.33798882681564246	0.00558659217877095	0.1452513966480447	0.00558659217877095
121	file:/C:/Users/chq-anyac/miniconda/myTAToM/data/austen-bronte-split/Austen_Emma0121.txt	0.5194444444444445	0.29444444444444445	0.05555555555555555	0.1111111111111111	0.019444444444444445
122	file:/C:/Users/chq-anyac/miniconda/myTAToM/data/austen-bronte-split/Austen_Emma0122.txt	0.44715447154471544	0.3712737127371274	0.0027100271002710027	0.17344173441734417	0.005420054200542005
123	file:/C:/Users/chq-anyac/miniconda/myTAToM/data/austen-bronte-split/Austen_Emma0123.txt	0.48138297872340424	0.3404255319148936	0.0425531914893617	0.13297872340425532	0.0026595744680851063
124	file:/C:/Users/chq-anyac/miniconda/myTAToM/data/austen-bronte-split/Austen_Emma0124.txt	0.4666666666666667	0.4666666666666667	0.016666666666666666	0.03333333333333333	0.016666666666666666
125	file:/C:/Users/chq-anyac/miniconda/myTAToM/data/austen-bronte-split/Austen_Emma0125.txt	0.4031413612565445	0.32722513089005234	0.12303664921465969	0.14397905759162305	0.002617801047120419
126	file:/C:/Users/chq-anyac/miniconda/myTAToM/data/austen-bronte-split/Austen_Emma0126.txt	0.43854748603351956	0.38268156424581007	0.0223463687150838	0.1452513966480447	0.0111731843575419
127	file:/C:/Users/chq-anyac/miniconda/myTAToM/data/austen-bronte-split/Austen_Emma0127.txt	0.3557422969187675	0.4957983193277311	0.01680672268907563	0.12885154061624648	0.0028011204481792717
128	file:/C:/Users/chq-anyac/miniconda/myTAToM/data/austen-bronte-split/Austen_Emma0128.txt	0.41968911917098445	0.36787564766839376	0.04145077720207254	0.13471502590673576	0.03626943005181347
129	file:/C:/Users/chq-anyac/miniconda/myTAToM/data/austen-bronte-split/Austen_Emma0129.txt	0.4742268041237113	0.36082474226804123	0.015463917525773196	0.08247422680412371	0.06701030927835051
130	file:/C:/Users/chq-anyac/miniconda/myTAToM/data/austen-bronte-split/Austen_Emma0130.txt	0.430939226519337	0.4558011049723757	0.03591160220994475	0.06353591160220995	0.013812154696132596
131	file:/C:/Users/chq-anyac/miniconda/myTAToM/data/austen-bronte-split/Austen_Emma0131.txt	0.4161849710982659	0.4653179190751445	0.028901734104046242	0.0838150289017341	0.005780346820809248
132	file:/C:/Users/chq-anyac/miniconda/myTAToM/data/austen-bronte-split/Austen_Emma0132.txt	0.42780748663101603	0.44919786096256686	0.00267379679144385	0.11764705882352941	0.00267379679144385
133	file:/C:/Users/chq-anyac/miniconda/myTAToM/data/austen-bronte-split/Austen_Emma0133.txt	0.5579514824797843	0.3746630727762803	0.008086253369272238	0.04851752021563342	0.01078167115902965
134	file:/C:/Users/chq-anyac/miniconda/myTAToM/data/austen-bronte-split/Austen_Emma0134.txt	0.4928571428571429	0.27380952380952384	0.0380952380952381	0.16428571428571428	0.030952380952380953
135	file:/C:/Users/chq-anyac/miniconda/myTAToM/data/austen-bronte-split/Austen_Emma0135.txt	0.5741239892183289	0.1320754716981132	0.08355795148247978	0.19946091644204852	0.01078167115902965
136	file:/C:/Users/chq-anyac/miniconda/myTAToM/data/austen-bronte-split/Austen_Emma0136.txt	0.5918367346938775	0.2653061224489796	0.061224489795918366	0.06997084548104957	0.011661807580174927
137	file:/C:/Users/chq-anyac/miniconda/myTAToM/data/austen-bronte-split/Austen_Emma0137.txt	0.4365781710914454	0.39233038348082594	0.02064896755162242	0.13864306784660768	0.011799410029498525
138	file:/C:/Users/chq-anyac/miniconda/myTAToM/data/austen-bronte-split/Austen_Emma0138.txt	0.5102040816326531	0.34110787172011664	0.0029154518950437317	0.13702623906705538	0.008746355685131196
139	file:/C:/Users/chq-anyac/miniconda/myTAToM/data/austen-bronte-split/Austen_Emma0139.txt	0.5543175487465181	0.25348189415041783	0.036211699164345405	0.14763231197771587	0.008356545961002786
140	file:/C:/Users/chq-anyac/miniconda/myTAToM/data/austen-bronte-split/Austen_Emma0140.txt	0.5485714285714286	0.24857142857142858	0.011428571428571429	0.18571428571428572	0.005714285714285714
141	file:/C:/Users/chq-anyac/miniconda/myTAToM/data/austen-bronte-split/Austen_Emma0141.txt	0.4895833333333333	0.2604166666666667	0.010416666666666666	0.21614583333333334	0.0234375
142	file:/C:/Users/chq-anyac/miniconda/myTAToM/data/austen-bronte-split/Austen_Emma0142.txt	0.5082872928176796	0.17403314917127072	0.04143646408839779	0.27348066298342544	0.0027624309392265192
143	file:/C:/Users/chq-anyac/miniconda/myTAToM/data/austen-bronte-split/Austen_Emma0143.txt	0.4175257731958763	0.4536082474226804	0.028350515463917526	0.04381443298969072	0.05670103092783505
144	file:/C:/Users/chq-anyac/miniconda/myTAToM/data/austen-bronte-split/Austen_Pride0000.txt	0.5644171779141104	0.3128834355828221	0.012269938650306749	0.08895705521472393	0.02147239263803681
145	file:/C:/Users/chq-anyac/miniconda/myTAToM/data/austen-bronte-split/Austen_Pride0001.txt	0.7023121387283237	0.15028901734104047	0.031791907514450865	0.09826589595375723	0.017341040462427744
146	file:/C:/Users/chq-anyac/miniconda/myTAToM/data/austen-bronte-split/Austen_Pride0002.txt	0.6358381502890174	0.07225433526011561	0.011560693641618497	0.2658959537572254	0.014450867052023121
147	file:/C:/Users/chq-anyac/miniconda/myTAToM/data/austen-bronte-split/Austen_Pride0003.txt	0.47023809523809523	0.25297619047619047	0.026785714285714284	0.21428571428571427	0.03571428571428571
148	file:/C:/Users/chq-anyac/miniconda/myTAToM/data/austen-bronte-split/Austen_Pride0004.txt	0.5859154929577465	0.18028169014084508	0.008450704225352112	0.22253521126760564	0.0028169014084507044
149	file:/C:/Users/chq-anyac/miniconda/myTAToM/data/austen-bronte-split/Austen_Pride0005.txt	0.5180327868852459	0.32459016393442625	0.006557377049180328	0.14754098360655737	0.003278688524590164
150	file:/C:/Users/chq-anyac/miniconda/myTAToM/data/austen-bronte-split/Austen_Pride0006.txt	0.5071633237822349	0.11461318051575932	0.05157593123209169	0.3209169054441261	0.0057306590257879654
151	file:/C:/Users/chq-anyac/miniconda/myTAToM/data/austen-bronte-split/Austen_Pride0007.txt	0.5973684210526315	0.2	0.013157894736842105	0.1736842105263158	0.015789473684210527
152	file:/C:/Users/chq-anyac/miniconda/myTAToM/data/austen-bronte-split/Austen_Pride0008.txt	0.5835694050991501	0.20679886685552407	0.12464589235127478	0.07932011331444759	0.0056657223796034
153	file:/C:/Users/chq-anyac/miniconda/myTAToM/data/austen-bronte-split/Austen_Pride0009.txt	0.5686813186813187	0.17032967032967034	0.08241758241758242	0.1620879120879121	0.016483516483516484
154	file:/C:/Users/chq-anyac/miniconda/myTAToM/data/austen-bronte-split/Austen_Pride0010.txt	0.522911051212938	0.12129380053908356	0.026954177897574125	0.29649595687331537	0.03234501347708895
155	file:/C:/Users/chq-anyac/miniconda/myTAToM/data/austen-bronte-split/Austen_Pride0011.txt	0.6464088397790055	0.2154696132596685	0.0027624309392265192	0.11878453038674033	0.016574585635359115
156	file:/C:/Users/chq-anyac/miniconda/myTAToM/data/austen-bronte-split/Austen_Pride0012.txt	0.5802816901408451	0.16901408450704225	0.01971830985915493	0.2140845070422535	0.016901408450704224
157	file:/C:/Users/chq-anyac/miniconda/myTAToM/data/austen-bronte-split/Austen_Pride0013.txt	0.43142857142857144	0.3657142857142857	0.02	0.15714285714285714	0.025714285714285714
158	file:/C:/Users/chq-anyac/miniconda/myTAToM/data/austen-bronte-split/Austen_Pride0014.txt	0.5333333333333333	0.19166666666666668	0.03333333333333333	0.23055555555555557	0.011111111111111112
159	file:/C:/Users/chq-anyac/miniconda/myTAToM/data/austen-bronte-split/Austen_Pride0015.txt	0.5457063711911357	0.10803324099722991	0.04986149584487535	0.27146814404432135	0.024930747922437674
160	file:/C:/Users/chq-anyac/miniconda/myTAToM/data/austen-bronte-split/Austen_Pride0016.txt	0.5376044568245125	0.298050139275766	0.03899721448467967	0.11977715877437325	0.005571030640668524
161	file:/C:/Users/chq-anyac/miniconda/myTAToM/data/austen-bronte-split/Austen_Pride0017.txt	0.504297994269341	0.3495702005730659	0.0057306590257879654	0.12607449856733524	0.014326647564469915
162	file:/C:/Users/chq-anyac/miniconda/myTAToM/data/austen-bronte-split/Austen_Pride0018.txt	0.518840579710145	0.23768115942028986	0.02608695652173913	0.21159420289855072	0.005797101449275362
163	file:/C:/Users/chq-anyac/miniconda/myTAToM/data/austen-bronte-split/Austen_Pride0019.txt	0.4713541666666667	0.2109375	0.0390625	0.23697916666666666	0.041666666666666664
164	file:/C:/Users/chq-anyac/miniconda/myTAToM/data/austen-bronte-split/Austen_Pride0020.txt	0.5757575757575758	0.18181818181818182	0.010101010101010102	0.22474747474747475	0.007575757575757576
165	file:/C:/Users/chq-anyac/miniconda/myTAToM/data/austen-bronte-split/Austen_Pride0021.txt	0.6684782608695652	0.12771739130434784	0.03260869565217391	0.16032608695652173	0.010869565217391304
166	file:/C:/Users/chq-anyac/miniconda/myTAToM/data/austen-bronte-split/Austen_Pride0022.txt	0.5905044510385756	0.17804154302670624	0.026706231454005934	0.19881305637982197	0.005934718100890208
167	file:/C:/Users/chq-anyac/miniconda/myTAToM/data/austen-bronte-split/Austen_Pride0023.txt	0.35327635327635326	0.5213675213675214	0.02849002849002849	0.08831908831908832	0.008547008547008548
168	file:/C:/Users/chq-anyac/miniconda/myTAToM/data/austen-bronte-split/Austen_Pride0024.txt	0.5464788732394367	0.22816901408450704	0.005633802816901409	0.2084507042253521	0.011267605633802818
169	file:/C:/Users/chq-anyac/miniconda/myTAToM/data/austen-bronte-split/Austen_Pride0025.txt	0.5818181818181818	0.26666666666666666	0.012121212121212121	0.13333333333333333	0.006060606060606061
170	file:/C:/Users/chq-anyac/miniconda/myTAToM/data/austen-bronte-split/Austen_Pride0026.txt	0.53315649867374	0.2413793103448276	0.010610079575596816	0.20689655172413793	0.007957559681697613
171	file:/C:/Users/chq-anyac/miniconda/myTAToM/data/austen-bronte-split/Austen_Pride0027.txt	0.45896656534954405	0.23708206686930092	0.02735562310030395	0.2735562310030395	0.00303951367781155
172	file:/C:/Users/chq-anyac/miniconda/myTAToM/data/austen-bronte-split/Austen_Pride0028.txt	0.5684523809523809	0.27380952380952384	0.002976190476190476	0.14583333333333334	0.008928571428571428
173	file:/C:/Users/chq-anyac/miniconda/myTAToM/data/austen-bronte-split/Austen_Pride0029.txt	0.5086206896551724	0.2442528735632184	0.020114942528735632	0.21264367816091953	0.014367816091954023
174	file:/C:/Users/chq-anyac/miniconda/myTAToM/data/austen-bronte-split/Austen_Pride0030.txt	0.5183098591549296	0.18591549295774648	0.022535211267605635	0.2676056338028169	0.005633802816901409
175	file:/C:/Users/chq-anyac/miniconda/myTAToM/data/austen-bronte-split/Austen_Pride0031.txt	0.5876010781671159	0.2587601078167116	0.018867924528301886	0.12668463611859837	0.008086253369272238
176	file:/C:/Users/chq-anyac/miniconda/myTAToM/data/austen-bronte-split/Austen_Pride0032.txt	0.4057507987220447	0.4728434504792332	0.012779552715654952	0.10543130990415335	0.003194888178913738
177	file:/C:/Users/chq-anyac/miniconda/myTAToM/data/austen-bronte-split/Austen_Pride0033.txt	0.5337078651685393	0.2696629213483146	0.03651685393258427	0.14887640449438203	0.011235955056179775
178	file:/C:/Users/chq-anyac/miniconda/myTAToM/data/austen-bronte-split/Austen_Pride0034.txt	0.5426136363636364	0.32386363636363635	0.022727272727272728	0.10795454545454546	0.002840909090909091
179	file:/C:/Users/chq-anyac/miniconda/myTAToM/data/austen-bronte-split/Austen_Pride0035.txt	0.5697674418604651	0.33430232558139533	0.02616279069767442	0.06686046511627906	0.0029069767441860465
180	file:/C:/Users/chq-anyac/miniconda/myTAToM/data/austen-bronte-split/Austen_Pride0036.txt	0.5177514792899408	0.38461538461538464	0.029585798816568046	0.05325443786982249	0.014792899408284023
181	file:/C:/Users/chq-anyac/miniconda/myTAToM/data/austen-bronte-split/Austen_Pride0037.txt	0.5240641711229946	0.3609625668449198	0.040106951871657755	0.06951871657754011	0.0053475935828877
182	file:/C:/Users/chq-anyac/miniconda/myTAToM/data/austen-bronte-split/Austen_Pride0038.txt	0.592896174863388	0.2814207650273224	0.01639344262295082	0.09016393442622951	0.01912568306010929
183	file:/C:/Users/chq-anyac/miniconda/myTAToM/data/austen-bronte-split/Austen_Pride0039.txt	0.5973333333333334	0.32	0.029333333333333333	0.050666666666666665	0.0026666666666666666
184	file:/C:/Users/chq-anyac/miniconda/myTAToM/data/austen-bronte-split/Austen_Pride0040.txt	0.47129909365558914	0.4380664652567976	0.0030211480362537764	0.08459214501510574	0.0030211480362537764
185	file:/C:/Users/chq-anyac/miniconda/myTAToM/data/austen-bronte-split/Austen_Pride0041.txt	0.446875	0.41875	0.01875	0.090625	0.025
186	file:/C:/Users/chq-anyac/miniconda/myTAToM/data/austen-bronte-split/Austen_Pride0042.txt	0.5921450151057401	0.24471299093655588	0.006042296072507553	0.1510574018126888	0.006042296072507553
187	file:/C:/Users/chq-anyac/miniconda/myTAToM/data/austen-bronte-split/Austen_Pride0043.txt	0.5846645367412141	0.29073482428115016	0.006389776357827476	0.11182108626198083	0.006389776357827476
188	file:/C:/Users/chq-anyac/miniconda/myTAToM/data/austen-bronte-split/Austen_Pride0044.txt	0.6384839650145773	0.2886297376093295	0.014577259475218658	0.04664723032069971	0.011661807580174927
189	file:/C:/Users/chq-anyac/miniconda/myTAToM/data/austen-bronte-split/Austen_Pride0045.txt	0.4702194357366771	0.4043887147335423	0.006269592476489028	0.10658307210031348	0.012539184952978056
190	file:/C:/Users/chq-anyac/miniconda/myTAToM/data/austen-bronte-split/Austen_Pride0046.txt	0.5149051490514905	0.24661246612466126	0.04336043360433604	0.17344173441734417	0.02168021680216802
191	file:/C:/Users/chq-anyac/miniconda/myTAToM/data/austen-bronte-split/Austen_Pride0047.txt	0.5079365079365079	0.14814814814814814	0.05291005291005291	0.20105820105820105	0.08994708994708994
192	file:/C:/Users/chq-anyac/miniconda/myTAToM/data/austen-bronte-split/Austen_Pride0048.txt	0.6064690026954178	0.1347708894878706	0.0862533692722372	0.15633423180592992	0.016172506738544475
193	file:/C:/Users/chq-anyac/miniconda/myTAToM/data/austen-bronte-split/Austen_Pride0049.txt	0.5235602094240838	0.08376963350785341	0.02617801047120419	0.337696335078534	0.028795811518324606
194	file:/C:/Users/chq-anyac/miniconda/myTAToM/data/austen-bronte-split/Austen_Pride0050.txt	0.6852367688022284	0.10027855153203342	0.04456824512534819	0.14484679665738162	0.025069637883008356
195	file:/C:/Users/chq-anyac/miniconda/myTAToM/data/austen-bronte-split/Austen_Pride0051.txt	0.6765498652291105	0.1320754716981132	0.05390835579514825	0.1293800539083558	0.008086253369272238
196	file:/C:/Users/chq-anyac/miniconda/myTAToM/data/austen-bronte-split/Austen_Pride0052.txt	0.6272189349112426	0.14792899408284024	0.0029585798816568047	0.21301775147928995	0.008875739644970414
197	file:/C:/Users/chq-anyac/miniconda/myTAToM/data/austen-bronte-split/Austen_Pride0053.txt	0.564179104477612	0.23880597014925373	0.023880597014925373	0.1701492537313433	0.0029850746268656717
198	file:/C:/Users/chq-anyac/miniconda/myTAToM/data/austen-bronte-split/Austen_Pride0054.txt	0.6034985422740525	0.27113702623906705	0.02040816326530612	0.09912536443148688	0.0058309037900874635
199	file:/C:/Users/chq-anyac/miniconda/myTAToM/data/austen-bronte-split/Austen_Pride0055.txt	0.4888888888888889	0.36507936507936506	0.012698412698412698	0.11746031746031746	0.015873015873015872
200	file:/C:/Users/chq-anyac/miniconda/myTAToM/data/austen-bronte-split/Austen_Pride0056.txt	0.48348348348348347	0.37237237237237236	0.018018018018018018	0.11411411411411411	0.012012012012012012
201	file:/C:/Users/chq-anyac/miniconda/myTAToM/data/austen-bronte-split/Austen_Pride0057.txt	0.4065281899109792	0.3857566765578635	0.05637982195845697	0.14836795252225518	0.002967359050445104
202	file:/C:/Users/chq-anyac/miniconda/myTAToM/data/austen-bronte-split/Austen_Pride0058.txt	0.4245810055865922	0.4245810055865922	0.0335195530726257	0.07262569832402235	0.0446927374301676
203	file:/C:/Users/chq-anyac/miniconda/myTAToM/data/austen-bronte-split/Austen_Pride0059.txt	0.4362017804154303	0.3590504451038576	0.04451038575667656	0.14540059347181009	0.01483679525222552
204	file:/C:/Users/chq-anyac/miniconda/myTAToM/data/austen-bronte-split/Austen_Pride0060.txt	0.34036144578313254	0.5963855421686747	0.009036144578313253	0.045180722891566265	0.009036144578313253
205	file:/C:/Users/chq-anyac/miniconda/myTAToM/data/austen-bronte-split/Austen_Pride0061.txt	0.3875739644970414	0.5236686390532544	0.0029585798816568047	0.04437869822485207	0.04142011834319527
206	file:/C:/Users/chq-anyac/miniconda/myTAToM/data/austen-bronte-split/Austen_Pride0062.txt	0.3994252873563218	0.4281609195402299	0.017241379310344827	0.13793103448275862	0.017241379310344827
207	file:/C:/Users/chq-anyac/miniconda/myTAToM/data/austen-bronte-split/Austen_Pride0063.txt	0.4807692307692308	0.4175824175824176	0.005494505494505495	0.08791208791208792	0.008241758241758242
208	file:/C:/Users/chq-anyac/miniconda/myTAToM/data/austen-bronte-split/Austen_Pride0064.txt	0.5122615803814714	0.37329700272479566	0.0027247956403269754	0.10899182561307902	0.0027247956403269754
